1 2 3 4 	5 6 0 8 	0 10 11 12 	13 14 15 16 	
0 6 7 8 	1 2 0 4 	0 14 15 16 	9 0 0 12 	
0 10 11 12 	13 0 15 16 	1 2 3 4 	5 6 7 0 	
0 14 15 0 	0 0 0 12 	5 6 7 8 	0 2 3 4 	

2 1 4 3 	6 0 8 7 	10 9 12 11 	14 13 16 15 	
6 0 8 7 	2 0 4 3 	14 13 16 15 	0 0 0 0	
10 0 0 11 	0 13 16 0 	2 0 4 3 	6 5 8 7 	
14 0 16 15 	0 9 12 0 	6 5 8 7 	2 0 4 3 	

3 4 1 2 	7 8 0 6 	11 12 9 0 	15 16 13 14 	
0 8 5 6 	0 0 0 0 	15 16 13 14 	0 12 9 0 	
0 12 9 0 	15 16 0 14 	3 4 0 2 	7 8 5 6 	
0 16 13 14 	11 12 9 10 	7 8 5 6 	3 4 1 2 	

4 3 0 0 	8 0 0 5 	12 0 0 9 	16 15 14 13 	
8 7 6 0 	4 3 0 1 	16 15 14 13 	12 11 0 9 	
12 0 10 9 	16 0 14 13 	4 3 2 1 	8 7 6 5 	
16 0 14 13 	12 11 10 9 	0 0 6 5 	4 3 2 1 